Epoch	AverageEpRet	StdEpRet	MaxEpRet	MinEpRet	EpLen	AverageVVals	StdVVals	MaxVVals	MinVVals	TotalEnvInteracts	LossPi	LossV	DeltaLossPi	DeltaLossV	Entropy	KL	Time	AverageTestEpC0	StdTestEpC0	MaxTestEpC0	MinTestEpC0	AverageTestEpC1	StdTestEpC1	MaxTestEpC1	MinTestEpC1	TestEpLen
0	11.3144346886992	0.8778415941270005	14.169234129898253	7.062258374914528	124.9875	0.017365849	0.102000535	0.28619066	-0.26912838	10000	-0.1304855	24.820322	-0.16503751	-24.003681	-39.604424	-0.13134313	14.287559986114502	22.717922188211233	0.13583519333973904	22.85375738155097	22.582086994871492	-0.1522696509584785	0.0006246930733321832	-0.15164495788514631	-0.15289434403181068	122.5
1	11.230535310183043	0.38797964087472986	12.523870672546321	10.227053536437454	122.65432098765432	4.576736	1.7302696	7.2652555	0.32340375	20000	-0.10643416	0.7722327	-0.0858259	-0.6708388	-39.715027	-0.17451386	27.215059757232666	23.140340881869193	0.4678030266612687	23.60814390853046	22.672537855207924	-0.1549752485938371	0.0026005000807345913	-0.1523747485131025	-0.1575757486745717	123.5
2	10.768694014634937	0.489473856406877	11.839907191712411	9.632593018971386	117.43529411764706	4.4475203	2.1871734	6.765822	-1.5788327	30000	-0.2998463	0.13398652	-0.046039194	-0.05153908	-39.578808	-0.11991013	40.434006690979004	20.92831448342652	1.1611841090396027	22.08949859246612	19.767130374386916	-0.16637335347011672	0.002181125711649634	-0.1641922277584671	-0.16855447918176636	112.5
3	10.588351474486638	0.5175482716110653	11.739596053473644	9.532901997696612	115.54651162790698	4.4398713	2.0629044	6.4942007	-1.4671223	40000	-0.2795021	0.100479186	-0.047636956	-0.018750817	-39.68315	-0.099889554	52.823992013931274	21.579243745841087	1.2522454423829927	22.83148918822408	20.326998303458094	-0.17082410536706455	0.004843219593167192	-0.16598088577389736	-0.17566732496023174	118.0
4	11.11816254694537	0.3663008864255545	11.842089848406614	10.088494986165312	121.14634146341463	4.3893714	1.9830223	6.3677044	-1.0191811	50000	-0.2828601	0.09009429	-0.03684798	-0.043272544	-39.939995	-0.099148795	65.42758798599243	21.740581559799605	0.8979161917045708	22.638497751504175	20.842665368095034	-0.16998896026983856	0.00501648763194662	-0.16497247263789194	-0.17500544790178518	119.5
5	9.792317948292295	2.143842893135486	11.834507069513206	5.428023680076003	109.47252747252747	4.413272	2.208512	6.6402874	-1.4959995	60000	-0.53237253	0.47663027	-0.005971968	-0.17963767	-39.712055	-0.03473173	77.36507391929626	13.036662779897453	0.058444212153551334	13.095106992051004	12.978218567743902	-0.2076071053335909	0.0022130181419197092	-0.20539408719167118	-0.2098201234755106	75.5
6	6.908592930243618	1.4415404019501916	11.097343790028235	5.254049879414961	80.29032258064517	3.9343722	2.0982778	6.477673	-1.1580528	70000	-0.40212807	0.8429458	-0.045616716	-0.6122297	-38.684322	0.0051204744	89.73149085044861	22.351106728687885	0.08153854496777768	22.432645273655663	22.269568183720107	-0.16863912101835	0.00035982467234130233	-0.1682792963460087	-0.1689989456906913	124.5
7	8.363647880038512	2.1771693781876724	11.812995976042004	5.797359338495881	95.11428571428571	3.5865169	1.6009349	5.7351174	-0.91242784	80000	0.11079932	0.52688944	0.019373037	-0.16448182	-39.33147	-0.027555829	101.82277941703796	17.555001547019923	4.1562386611662765	21.7112402081862	13.398762885853648	-0.1805854327883572	0.0160335237439721	-0.1645519090443851	-0.1966189565323293	98.5
8	7.702660694704826	2.6532020834954837	11.184403467774393	4.3958050834015	93.4392523364486	3.7749543	1.8601176	6.288032	-1.1603253	90000	-0.37019923	0.7892554	-0.026135683	-0.12309611	-39.43643	0.00774966	114.96039819717407	16.757524320743972	6.09364754464477	22.851171865388743	10.663876776099203	-0.16584851749241358	0.006182683408260448	-0.15966583408415314	-0.17203120090067403	100.0
9	8.476580955727995	2.9869453065341682	11.754287131298337	4.571096699200571	101.6734693877551	3.8801277	1.9358032	7.229094	-1.1747779	100000	0.4402017	0.6948163	0.011302561	-0.09414327	-39.813683	0.028511498	126.94727921485901	16.350427383482455	5.084960853606462	21.435388237088915	11.265466529875992	-0.15699601046741013	0.007494848892092676	-0.14950116157531745	-0.1644908593595028	95.0
10	5.448720054959031	0.6867678246440923	10.895500291679054	4.843856319747864	74.2089552238806	3.1213417	1.8706534	7.0907145	-1.3622004	110000	-0.7679266	0.7991878	-0.059115708	-0.7415392	-38.34087	0.032354884	139.34805130958557	16.92349859768525	6.639338060226291	23.56283665791154	10.284160537458957	-0.16374001210555433	0.009341897014528588	-0.15439811509102574	-0.17308190912008292	103.0
11	9.581842675798747	2.613372111280809	12.479364014714962	4.558361854450779	109.5934065934066	3.589503	1.5239626	6.1797905	-1.016024	120000	1.0535848	1.7190914	-0.006221533	-1.2468647	-40.125164	-0.009096458	151.47693490982056	15.510875681359323	6.142112499531358	21.65298818089068	9.368763181827966	-0.17575506458058954	0.0024956456385551995	-0.17325941894203434	-0.17825071021914474	95.0
12	9.091650873726985	2.7492926048381237	11.8158750262484	4.547778105661272	105.96808510638297	4.087114	2.057399	6.6649766	-1.227493	130000	-0.18212974	0.5519695	-0.033033445	-0.046314836	-40.127514	-0.0219089	163.4782235622406	21.370946962982423	1.0188150217384102	22.38976198472083	20.35213194124401	-0.16406798128038647	0.010676834955811287	-0.15339114632457518	-0.17474481623619775	116.5
13	7.905093115425028	3.0893430270370104	11.93138395689428	4.4643205660022796	97.01941747572816	3.8054516	2.0500531	6.599997	-1.1781043	140000	-0.51571983	0.7756282	-0.019273043	-0.11641246	-39.75377	-0.03394776	175.30569863319397	9.466003037476911	0.02365959039889276	9.489662627875804	9.442343447078018	-0.17339973758906113	0.0031219267472625267	-0.1702778108417986	-0.17652166433632366	74.0
14	6.947138476369163	2.9018945664738403	11.712654461190105	4.543516863062979	89.83783783783784	3.4238672	1.905458	6.6160493	-1.2414143	150000	-0.35131288	0.72112244	-0.027541041	-0.0748232	-39.33861	-0.011565625	187.49032974243164	8.454190306849778	0.5900725276395677	9.044262834489345	7.8641177792102095	-0.14113365141674894	0.030114895347505777	-0.11101875606924316	-0.17124854676425472	75.0
15	4.989219883620695	1.8757988404405126	11.74799908006564	3.1892116765491663	79.06349206349206	2.749795	1.7139587	6.512852	-1.5897484	160000	-0.7461088	0.77923816	-0.029375196	-0.40076482	-38.944283	0.058630224	199.49260330200195	9.926516922870649	3.348632349232211	13.27514927210286	6.577884573638438	-0.13290271818637855	0.02447955094277865	-0.1084231672435999	-0.1573822691291572	80.5
16	3.9286665480229157	0.8162331766661692	6.556896015880629	2.983155940771103	76.23664122137404	2.0077157	1.2713034	4.364174	-1.3571421	170000	-0.84195995	0.35764685	-0.059541345	-0.17781731	-39.290245	-0.011366002	211.53597569465637	9.298448875024912	0.07002615340054064	9.368475028425452	9.228422721624371	-0.12005549963563689	0.0009010569378733457	-0.11915444269776354	-0.12095655657351023	71.0
17	4.66598486104956	0.14294715947330677	5.29216884324327	4.329021012689919	73.77037037037037	1.9130859	0.9610483	2.9654117	-1.3483725	180000	0.25183335	0.1770751	-0.023232028	-0.15951681	-38.420006	0.06292308	223.69206714630127	9.367924063354732	0.34740300446748673	9.715327067822217	9.020521058887244	-0.11682079615071433	0.0016249789111317248	-0.11519581723958261	-0.11844577506184606	72.5
18	5.170516952833494	0.7872990570611871	11.412480419762439	4.303153553567825	74.14925373134328	2.3415327	1.1918218	6.5923123	-1.3544708	190000	0.15660444	0.16758454	0.034506693	-0.058835603	-38.40085	0.016316231	235.1788923740387	10.22630186231807	0.524557751957329	10.750859614275399	9.70174411036074	-0.1364869858883322	0.020682844575494297	-0.1158041413128379	-0.1571698304638265	73.0
19	6.571285963457028	2.6300285938023094	12.724906650446362	4.508913664519787	85.46153846153847	3.0316753	1.5694401	6.754529	-1.2456046	200000	0.85219	0.7693665	-0.0002837777	-0.27285498	-39.13551	0.019186342	247.03040289878845	9.45387795586139	0.4088811029121251	9.862759058773515	9.044996852949264	-0.11659538285806775	0.00016246935352687286	-0.11643291350454088	-0.11675785221159463	72.0
20	6.990695327193089	2.730974720208566	12.437625493425873	4.454036190547049	88.070796460177	3.2690785	1.7165854	6.816548	-1.3480164	210000	0.07785537	0.5467336	-0.016690135	-0.03444475	-39.238632	0.0056176167	259.1414403915405	18.097660772800445	5.691078163906927	23.78873893670737	12.406582608893517	-0.1554806968197227	0.0037408411875365366	-0.15173985563218617	-0.15922153800725924	105.0
21	7.430258710732237	2.933970500919623	12.338212938662616	4.392021332569419	92.17592592592592	3.4885485	1.7992063	6.926608	-1.3184949	220000	0.2464247	0.5938032	-0.029999316	-0.038511455	-39.475296	0.00999999	271.20949959754944	17.043311431072652	5.311366282068195	22.35467771314085	11.731945149004458	-0.15307986961677672	0.004698538351803838	-0.14838133126497288	-0.15777840796858056	99.5
22	7.918035175351209	3.0930869631845717	12.717330027054997	4.389983566813171	96.58252427184466	3.6255386	1.8473115	6.944018	-1.5543026	230000	0.16370498	0.58384275	-0.014149696	-0.030221641	-39.671345	-0.019710157	282.91522240638733	18.40722458371893	6.391022855434569	24.798247439153496	12.016201728284358	-0.15400072971358902	0.005744957122951755	-0.14825577259063727	-0.15974568683654078	103.5
23	7.848875475535435	2.90321333522375	12.487403963841501	4.396618172079325	95.0952380952381	3.6273394	1.9190305	6.9404693	-1.8410728	240000	-0.060762648	0.48845273	-0.019054834	-0.020277828	-39.577656	0.031965483	295.0272943973541	11.315295639336107	0.12437773033976729	11.439673369675873	11.190917908996338	-0.1584227199107407	0.00048631880432375985	-0.15793640110641693	-0.15890903871506445	76.0
24	8.117024022225362	2.89919818470946	12.329735594931988	5.141684653479606	96.91176470588235	3.7048485	1.8971885	6.9237866	-1.786098	250000	0.057259645	0.45345035	0.020062793	-0.020739615	-39.654987	-0.0008047852	307.23241782188416	11.399654291495683	0.4495379821211092	11.849192273616792	10.950116309374573	-0.15950711954385033	0.0009774110093713206	-0.158529708534479	-0.16048453055322165	75.0
25	8.229460716747706	2.9779088770847877	12.273817540258165	5.153359163273127	98.74257425742574	3.7737882	1.9437523	6.937545	-1.916145	260000	-0.03768391	0.44499522	0.015451489	-0.013984144	-39.680576	0.0005898331	319.1838610172272	17.403963396120822	6.189194039572034	23.593157435692856	11.214769356548787	-0.1522786972671748	0.006793833114206893	-0.1454848641529679	-0.1590725303813817	100.0
26	8.58890859733182	3.087439756928969	12.4906673771888	5.166505274809896	102.43298969072166	3.8338227	1.9473069	6.9168043	-1.5243024	270000	0.033592638	0.43914786	0.0074010864	-0.016124427	-39.88377	-0.009888252	331.1667082309723	17.17958519268781	6.657924196980896	23.837509389668707	10.521660995706915	-0.14133581172674903	0.016138615980744286	-0.12519719574600474	-0.15747442770749331	105.5
27	8.575884343692271	2.9888722388486433	12.77281920325011	5.1583479897864155	101.92857142857143	3.878929	1.9808512	6.9633207	-2.1813939	280000	-0.037448537	0.4094259	0.016639993	-0.010712087	-39.935616	-0.001399633	343.1496682167053	17.122762098610405	5.4819458634406395	22.604707962051044	11.640816235169765	-0.13908550132066005	0.020467966683208993	-0.11861753463745106	-0.15955346800386905	100.0
28	9.520469482740697	2.753953261657079	12.018421756960445	5.153456198796631	110.31111111111112	4.032074	1.9777659	6.8765697	-1.7813916	290000	0.5192357	0.35740438	0.0038303733	-0.04203227	-40.19318	0.014118425	355.23293232917786	17.573413385115565	5.8260768432542696	23.399490228369835	11.747336541861296	-0.14425526779145004	0.015018584839999627	-0.1292366829514504	-0.15927385263144966	105.5
29	8.71607823187687	2.8533142892266548	12.578767644856125	5.182439460400492	102.50515463917526	3.9261098	2.062679	6.8337827	-1.3939362	300000	-0.5231513	0.38533413	-0.02129668	-0.035045147	-39.878696	0.010486151	367.1693449020386	16.85034375716001	6.018168341405695	22.868512098565706	10.832175415754316	-0.14158768329769406	0.017843573503196264	-0.12374410979449779	-0.15943125680089032	99.5
30	9.227526485185107	2.8524496921079536	12.739272425677626	5.16270052883774	107.26881720430107	3.999225	1.9962238	6.8046517	-1.5134432	310000	0.23562159	0.3505672	-0.026892781	-0.017179936	-40.0184	-0.017513178	378.9850130081177	17.764339365214106	5.989266861453652	23.75360622666776	11.775072503760455	-0.14442488890141242	0.015546665638685175	-0.12887822326272724	-0.1599715545400976	103.5
31	9.992755314914573	2.7708425539287154	13.057575911730527	5.645451649948953	114.70114942528735	4.1486063	1.9884603	6.8110275	-1.6895224	320000	0.213775	0.29236618	0.015618995	-0.02535969	-40.275486	-0.016177466	390.8550760746002	23.725256890840832	0.9099075401946894	24.63516443103552	22.81534935064614	-0.13169940056279295	0.006491498854011346	-0.1252079017087816	-0.1381908994168043	134.5
32	10.47691889837822	2.26141753593586	12.743758846782157	5.96175442298874	120.18072289156626	4.3036385	2.0662978	6.95478	-1.3524349	330000	0.5031119	0.19323143	0.0043547153	-0.01790288	-40.494667	0.011643894	402.58089876174927	16.162846303209662	6.645215895473955	22.80806219868362	9.517630407735709	-0.12717444794252525	0.005752282757312044	-0.1214221651852132	-0.1329267306998373	102.5
33	9.59652626881069	3.0005994244461927	12.672564183250069	4.699740825705231	113.60227272727273	4.151766	2.1021345	6.802172	-1.1780409	340000	-0.6955206	0.4142338	0.018693447	-0.05110669	-40.272354	0.03914035	414.40176653862	15.861049035247412	6.364583723377432	22.225632758624844	9.49646531186998	-0.12145285660401006	3.825297579163056e-05	-0.12141460362821843	-0.12149110957980169	98.0
34	9.811329612771008	2.889905781945681	12.956159895677114	4.620963159389794	114.47126436781609	4.1106596	2.0467298	6.668825	-1.3910922	350000	0.026692541	0.34298432	-0.034554016	-0.009836614	-40.291225	-0.01669855	426.35448145866394	23.370432550702255	0.17889146095142117	23.549324011653674	23.19154108975083	-0.132272647321224	0.007446176819503325	-0.12482647050172069	-0.13971882414072734	128.5
35	9.739083746354085	2.9479984537958557	13.099944676868615	4.6564256351813675	112.35955056179775	4.1885247	2.0570557	6.699638	-1.051075	360000	-0.003368457	0.37320548	-0.027649535	-0.015528262	-40.286186	0.011688077	438.3195095062256	23.537676104828712	0.7558545219898267	24.293530626818537	22.781821582838884	-0.13094245662912724	0.007106231544167063	-0.12383622508496017	-0.1380486881732943	129.0
36	9.148023358446567	3.3124256101414273	12.924100673999636	4.492830471773631	108.76923076923077	4.065206	2.0755067	6.8021564	-1.1565588	370000	-0.45914218	0.47811073	-0.0062063634	-0.030106246	-40.094574	-0.001174501	450.44223952293396	22.20289862949401	0.2850807694718256	22.487979398965834	21.917817860022183	-0.13478245718404658	0.0014190240763126694	-0.1333634331077339	-0.13620148126035925	123.5
37	9.358972502683121	3.1861494339749763	12.751222884040324	4.45902087976341	110.58888888888889	4.0604553	2.0367405	6.7907796	-1.398813	380000	0.13733682	0.4177522	0.022602946	-0.011309922	-40.17113	0.00607719	462.5844078063965	20.032613624315708	6.953331542294469	26.985945166610176	13.079282082021237	-0.1451040179096163	0.014231159891933298	-0.130872858017683	-0.1593351778015496	110.0
38	8.698502769894425	3.3091567937065416	13.267650066204375	4.462289091764249	104.0625	3.9654374	2.0545704	6.788678	-1.485773	390000	-0.23504375	0.48385683	-0.010078266	-0.028526664	-39.912518	-0.029692585	474.45690178871155	23.865513404272498	0.005532572530208668	23.87104597680271	23.85998083174229	-0.1330822093226014	0.0013942121528088824	-0.13168799716979251	-0.13447642147541028	132.0
39	9.383853930221331	2.9365321321423097	13.172128191012895	4.448480985644275	108.33695652173913	4.0110335	2.0058405	6.8710966	-1.3892356	400000	0.42233574	0.34594968	0.011135489	-0.0344899	-40.019436	-0.029056711	486.1910824775696	18.84082161109894	5.862712771855291	24.70353438295423	12.97810883924365	-0.14250743174925457	0.018595086764543967	-0.1239123449847106	-0.16110251851379853	104.5
40	9.518632748530388	2.69447231986221	12.843281892947847	6.0219439925812175	108.22826086956522	4.1234617	2.0354507	6.85088	-1.3624643	410000	0.1532249	0.2498889	-0.024517283	-0.011523277	-39.968468	-0.029313495	498.62322306632996	22.894724539201704	0.024323948118842864	22.91904848732055	22.870400591082863	-0.13072379069402812	0.000619353149086177	-0.13010443754494194	-0.1313431438431143	126.5
41	9.147719651032435	2.7947109606834655	13.317320977225904	5.914960347209126	104.57894736842105	4.098179	2.0431209	6.8641863	-1.3953373	420000	-0.2959692	0.2736574	-0.004300356	-0.010605305	-39.95844	-0.034638263	510.58694887161255	24.683523120097814	0.047336027473214415	24.730859147571028	24.6361870926246	-0.12759202346205717	0.002553781457245219	-0.12503824200481195	-0.1301458049193024	134.5
42	9.44667636058597	2.797238391332591	13.526851283982399	4.433024628348649	107.77173913043478	4.11497	2.0185313	6.86619	-1.3383566	430000	0.09202383	0.26920223	-0.008131273	-0.0066017807	-40.01523	0.01787907	522.7220237255096	17.570488571021702	4.867372167427086	22.437860738448787	12.703116403594615	-0.14374720048159356	0.018947575353085944	-0.12479962512850762	-0.1626947758346795	101.0
43	9.210190178865785	2.67248447416357	12.959263471048331	6.0439651279337685	105.03191489361703	4.1133156	2.0223386	6.8854904	-1.2885804	440000	-0.10164946	0.2282389	0.007629417	-0.0059322566	-39.959957	0.012044731	534.7910363674164	21.182311534397307	1.5693889733031463	22.751700507700455	19.612922561094162	-0.12878987565636624	0.003498203046619852	-0.12529167260974639	-0.1322880787029861	118.5
44	9.139610330088567	2.5767778678013222	12.399167014900593	6.06187604766339	104.125	4.044884	2.0215957	6.8575435	-1.3001889	450000	-0.031645373	0.21558672	0.005848931	-0.0049999505	-39.917187	-0.013458909	546.6440689563751	16.185022229440513	3.173748808465903	19.358771037906415	13.011273420974609	-0.14456694340333343	0.018183457423001648	-0.12638348598033178	-0.16275040082633507	93.5
45	8.81224880868607	2.7002096595686425	13.321216089297083	5.281521714776752	101.36734693877551	4.021394	1.9742429	6.821814	-1.220996	460000	-0.2036001	0.3054459	0.011576295	-0.02418685	-39.8077	0.024777368	558.647242307663	12.854394041448833	0.3173446581512689	13.171738699600102	12.537049383297564	-0.13405259978026152	0.0001118310913444942	-0.13394076868891702	-0.134164430871606	77.0
46	8.559427332041398	2.493449553855689	12.403983199223875	6.057758520264178	98.22772277227723	3.8461888	1.9187057	6.9086566	-1.4133421	470000	-0.18738252	0.26659867	-0.030123144	-0.0254433	-39.69875	-0.0288526	570.7318379878998	24.92111247424036	0.5120119278878033	25.433124402128165	24.40910054635256	-0.12945882530882968	0.0006970140151679738	-0.1287618112936617	-0.13015583932399766	138.0
47	10.09523200329543	2.43902364077825	13.32607112592086	5.892561783622951	114.93103448275862	4.0625944	1.94033	7.165442	-1.1164559	480000	0.7544676	0.31619525	-0.041184783	-0.09288265	-40.44036	0.0026681197	582.7989704608917	12.136201359983533	0.8251902056671696	12.961391565650702	11.311011154316363	-0.15142126450315113	0.014871868360787632	-0.1365493961423635	-0.16629313286393876	76.0
48	8.847767496907066	2.675785000925614	13.002902650833127	5.577486696150152	102.36082474226804	4.1465216	2.08045	11.270779	-1.2483017	490000	-0.6610809	0.5483203	-0.03383726	-0.18537965	-39.889793	-0.0013692597	594.4197669029236	20.377728529702868	3.2456555187888405	23.623384048491708	17.132073010914027	-0.12848854556679729	0.008198368623852759	-0.12029017694294453	-0.13668691419065004	109.5
49	9.046897456278893	2.567116909616586	13.133566144425426	5.487974425256254	103.13541666666667	3.9720945	1.9831163	7.017836	-1.4553511	500000	0.08706745	0.32673517	0.0073608533	-0.054113835	-39.86118	0.028277334	606.3482575416565	23.388874626737078	0.5823204800672848	23.971195106804362	22.806554146669793	-0.13205828811973325	0.005546902753412908	-0.12651138536632034	-0.13760519087314615	131.5
50	10.69758746374982	1.9739184419820752	13.473956887498499	5.3844939242862155	119.96385542168674	4.281112	1.9860446	6.7576237	-1.5313629	510000	0.92023593	0.27331474	-0.0028218627	-0.09318282	-40.502857	-0.024771247	618.6194264888763	22.546231530196962	0.9347760156914564	23.48100754588842	21.611455514505508	-0.13346165588125586	0.002508303578942994	-0.13095335230231286	-0.13596995946019885	122.5
51	10.913612372863854	1.4359086203829539	12.054472898002718	6.874518620185553	121.13414634146342	4.4262686	2.0864685	6.9000015	-1.1908507	520000	0.06054043	0.10533897	0.011276461	-0.022297643	-40.637188	-0.0032836448	630.7487392425537	22.356779611371458	0.01571696039288817	22.372496571764348	22.34106265097857	-0.13389767641201622	7.018763572008702e-06	-0.1338906576484442	-0.13390469517558823	126.5
52	11.095424488781733	0.5949041837262429	12.267500581871717	7.11943706313148	122.1604938271605	4.5103126	2.1152477	7.205197	-1.3194358	530000	0.87299275	0.054481555	0.011492193	-0.018612433	-40.697136	0.012732504	642.5428364276886	22.931778894420706	0.7130115676112503	23.644790462031956	22.218767326809456	-0.13745686190202827	0.0029394151456654805	-0.1345174467563628	-0.14039627704769375	129.0
53	11.414931124623791	1.0769797457451276	13.511639135684817	5.544691321402788	129.1818181818182	4.44604	2.0734081	6.995731	-1.1608646	540000	0.103819095	0.105359316	-0.02546309	-0.023182996	-40.82924	0.021635473	654.2175242900848	15.700732903145251	6.7600853854045235	22.460818288549774	8.940647517740727	-0.14581113133579499	0.022503784708678698	-0.12330734662711629	-0.16831491604447368	99.0
54	9.079593323276013	3.197312637877377	12.374796560592944	4.314103563129905	108.21739130434783	4.2758107	2.2250285	7.4818063	-1.9351135	550000	-1.0162945	0.89867014	-0.043643475	-0.38959086	-40.228455	-0.0072584283	666.231828212738	16.49199610162526	5.995560051687061	22.487556153312322	10.4964360499382	-0.15307891713455318	0.01760527556762087	-0.1354736415669323	-0.17068419270217405	101.0
55	10.046329884201635	2.5723258465970478	12.873374544084077	4.314803074039519	115.73255813953489	4.1124134	1.9950747	6.678056	-1.6236465	560000	0.4451415	0.38428432	-0.005536407	-0.052599996	-40.441883	0.012258968	678.7528994083405	22.224266685992482	0.9992450623959339	23.223511748388415	21.225021623596547	-0.1309723828174173	0.002486492712050592	-0.1284858901053667	-0.1334588755294679	123.5
56	11.001234019627725	1.1444962592152064	12.4802163897641	5.8291436455026275	122.85185185185185	4.337166	2.0082614	6.62661	-1.1747597	570000	1.1944896	0.13497886	-0.02503705	-0.05274579	-40.71163	-0.020174319	691.7505197525024	23.75628388553858	0.15770399160683546	23.913987877145416	23.598579893931745	-0.13739205662161125	0.013113857954740515	-0.12427819866687073	-0.15050591457635176	131.0
57	11.006013044880003	1.6329584551245435	12.350248952023689	4.786265336666255	124.1875	4.3971405	2.0818343	6.72905	-1.1416067	580000	-0.2427177	0.14202844	0.015115261	-0.010063618	-40.678318	0.015761254	703.4181625843048	22.48616577338427	0.4406347222253686	22.926800495609637	22.0455310511589	-0.14468245245516287	0.0012187967449426296	-0.14346365571022024	-0.1459012492001055	122.0
58	10.30317873415537	2.406952134662461	11.86342232225463	4.801075356267391	118.02380952380952	4.344812	2.1287065	6.6670794	-1.2068053	590000	-0.403051	0.30328315	0.003102541	-0.023273826	-40.575073	-0.000517279	714.9808795452118	16.57433763895184	6.286600103192031	22.860937742143868	10.287737535759806	-0.15427229098975676	0.013185452595353142	-0.1410868383944036	-0.1674577435851099	102.0
59	9.703856326404575	2.904996431395369	12.277277305778114	4.476632297802716	114.13793103448276	4.178722	2.072273	6.65553	-1.1028776	600000	-0.50371045	0.44778395	0.0008357167	-0.02859205	-40.242245	0.009310669	727.0643606185913	16.446533777862783	7.190523019284007	23.63705679714679	9.256010758578777	-0.15263880494982002	0.014288325980305883	-0.13835047896951413	-0.1669271309301259	102.0
60	10.013084945850402	2.8031831765370234	12.4066239605844	4.49632278546691	117.18823529411765	4.171166	2.0058684	6.6291585	-1.1261204	610000	0.15639444	0.3809709	-0.010955259	-0.008227855	-40.424683	0.01120863	739.3515031337738	16.994702609702948	7.592224002555016	24.58692661225796	9.40247860714793	-0.15807340886443838	0.010545852780342091	-0.1475275560840963	-0.16861926164478047	104.0
61	9.853594726229	2.9174606635180806	12.56248343668878	4.511368339266627	115.53488372093024	4.1725245	2.043218	6.621317	-1.351301	620000	-0.15000498	0.43469086	-0.021401659	-0.0057685375	-40.33943	0.012333038	751.520830154419	22.43818944562227	0.23945677231997387	22.677646217942247	22.1987326733023	-0.14378816613927486	0.0024526501633228004	-0.14133551597595206	-0.14624081630259766	128.5
62	9.052637702151415	3.2711650115510613	12.333872202672065	4.520612338613718	108.9010989010989	4.042785	2.0652254	6.6284647	-1.1502008	630000	-0.36740565	0.56796765	0.0037525296	-0.028240502	-40.076374	0.012592075	763.6639947891235	22.402476897090672	0.015951207429168335	22.41842810451984	22.386525689661504	-0.14188330324366694	0.001632033158093682	-0.14025127008557325	-0.14351533640176062	126.0
63	9.919989918239851	2.905622700474604	12.548384301532055	4.540677842460575	116.23529411764706	4.077441	1.9889028	6.6253867	-1.0569174	640000	0.37336805	0.43278873	0.014454842	-0.032414913	-40.367027	0.0206886	776.1837711334229	22.331533325109632	0.23785258932039	22.569385914430022	22.093680735789242	-0.13696415765210973	0.0011371048726141475	-0.13582705277949558	-0.13810126252472388	128.0
64	9.713573699561216	2.961326753022139	12.261944475676868	4.529594552833587	114.29885057471265	4.1595325	2.0412767	6.637015	-1.163974	650000	-0.13545185	0.42408925	0.038354926	-0.0037561357	-40.31673	-0.010436952	788.247552394867	9.748452189229427	0.506300509683788	10.254752698913215	9.242151679545639	-0.1683074759319424	0.00021481648087517957	-0.16809265945106722	-0.16852229241281758	73.0
65	9.859551665244604	2.902353163131522	12.331696279831235	4.540706902369857	114.97674418604652	4.1591945	2.023058	7.073256	-0.99083334	660000	-0.0087587405	0.40685955	0.0028242678	-0.0036508143	-40.38954	-0.0061516785	801.599889755249	9.924669428169727	0.27868741683662	10.203356845006347	9.645982011333107	-0.1685046496987343	0.0003004958480597453	-0.16820415385067455	-0.16880514554679404	73.0
66	10.22644992973234	2.496499434338087	12.524932349994776	4.554353318475187	117.89285714285714	4.2573004	2.0466022	7.0471787	-1.1168251	670000	0.3823312	0.3123643	0.031188399	-0.013091177	-40.449295	-0.019684406	813.4721963405609	15.631817163936795	6.176430455334486	21.80824761927128	9.455386708602308	-0.15544444158673282	0.013921045288443568	-0.14152339629828925	-0.16936548687517639	97.5
67	9.747434235133907	2.9000775824679543	12.425487618073824	4.55472229545936	113.57954545454545	4.1667557	2.0923617	6.971278	-1.1038573	680000	-0.35481226	0.4202774	-0.012934178	-0.014507949	-40.386013	-0.03865799	826.3837440013885	9.542163348942996	0.06902047902345743	9.611183827966453	9.473142869919538	-0.16900267116725448	0.00042785260826344595	-0.16857481855899104	-0.16943052377551793	72.0
68	9.483455699550051	3.0922417462703486	12.369742717966437	4.564874687734991	112.375	4.127301	2.0425773	6.9149957	-1.5278243	690000	-0.19113564	0.45651397	-0.004552692	-0.0068449676	-40.348576	0.021605758	838.4151291847229	16.45565197847784	6.901067376583818	23.356719355061657	9.554584601894021	-0.15620138075202677	0.012157836072146988	-0.1440435446798798	-0.16835921682417376	99.0
69	9.675886375019433	2.913174037317246	12.411861586626618	4.57086402796209	113.13636363636364	4.1394615	2.0347586	6.8422923	-1.1830133	700000	0.17657945	0.41366097	-0.00036662817	-0.005815536	-40.414062	0.024316808	852.422159910202	22.136963318474578	0.5151214129105259	22.652084731385106	21.621841905564054	-0.15170524308457978	0.002678950410336167	-0.1490262926742436	-0.15438419349491594	122.0
70	10.015467013051344	2.747407670680097	12.019890776053074	4.592248079571871	116.1046511627907	4.1611753	2.0353312	6.769179	-1.0810524	710000	0.096033104	0.3572408	0.006570019	-0.0059332848	-40.532764	-0.019224215	867.1397931575775	16.552364978902045	6.99093113411218	23.543296113014225	9.561433844789866	-0.15794637847691761	0.010920502692461032	-0.14702587578445658	-0.16886688116937865	102.5
71	9.967742970433852	2.7777369164178287	12.377345447298138	4.676553343124688	116.49411764705883	4.1984377	2.0441284	6.7552342	-1.0650522	720000	-0.026163721	0.358169	-0.009019578	-0.0029950738	-40.522568	-0.008190339	880.6093854904175	22.91217648074031	0.917079589962956	23.829256070703266	21.995096890777354	-0.14624372877180575	0.004336874559521864	-0.14190685421228388	-0.1505806033313276	128.0
72	10.76811521330239	1.9259515804056517	12.354603478852663	4.700103790890426	122.50617283950618	4.2918844	2.0212052	6.7478504	-1.1630868	730000	0.5435314	0.20384967	0.030011475	-0.030532196	-40.658863	-0.016275253	892.6318790912628	16.422897438332434	5.824034537672988	22.24693197600542	10.598862900659444	-0.15746623676270272	0.011796880252659292	-0.14566935651004342	-0.169263117015362	101.5
73	10.157583422003862	2.5179122953769664	12.666930329818287	4.693640783037991	117.14117647058823	4.30001	2.1041	6.7641134	-1.0728834	740000	-0.4018801	0.30734354	-0.018323928	-0.021264046	-40.51335	0.015580906	904.7954099178314	15.957609730735422	6.360494986027481	22.318104716762903	9.597114744707941	-0.15747048757970333	0.011814843267202446	-0.1456556443125009	-0.16928533084690578	99.0
74	10.698021813631517	2.244210746332439	13.080317199388512	4.703870075512678	122.0246913580247	4.316219	2.0276887	6.7135005	-1.1141481	750000	0.34654662	0.2432698	-0.0027828515	-0.015100658	-40.7054	0.0038728851	917.2697830200195	22.51653948905878	0.31990198868326125	22.83644147774204	22.196637500375516	-0.13877945132553576	0.006224703490734285	-0.13255474783480148	-0.14500415481627005	127.0
75	10.832372827630513	2.217593735445228	13.952983286324883	4.712364975381643	123.20987654320987	4.3788815	2.0838609	6.8218713	-1.1348177	760000	0.028045801	0.23275612	0.024093015	-0.0028522164	-40.717667	-0.007995422	929.222030878067	16.5782694446668	6.330031502209603	22.908300946876405	10.2482379424572	-0.15905374146997947	0.010022531636059206	-0.14903120983392026	-0.16907627310603868	99.5
76	10.130649994523319	2.6856601281908326	14.142639741320162	4.539644210543481	117.11764705882354	4.298867	2.1368911	6.844349	-1.1702142	770000	-0.33391055	0.3672946	0.03553155	-0.020010859	-40.50521	0.01145813	941.2532603740692	24.97528825461864	0.40658618956804204	25.381874444186682	24.568702065050598	-0.14999548677355068	0.005845985002815635	-0.14414950177073504	-0.1558414717763663	133.0
77	10.155720151884681	2.5574519046718573	13.696882583340635	4.583140020761638	118.04761904761905	4.2439876	2.0686903	6.805173	-1.0824779	780000	0.101345606	0.3246014	0.01926367	-0.005856186	-40.504864	2.4031067e-05	953.0358362197876	21.714330325424672	0.8627119307219964	22.57704225614667	20.851618394702676	-0.14893622092902653	0.0037776392698290473	-0.14515858165919748	-0.15271386019885558	123.5
78	10.488461682437975	2.39794967000693	13.270889948718253	4.606043443586676	120.4578313253012	4.231016	2.0285778	6.780375	-1.0524415	790000	-0.020290429	0.28480983	-0.011590822	-0.010618508	-40.606705	-0.007863931	965.7930748462677	16.818860857058322	6.485469047147786	23.304329904206107	10.333391809910536	-0.15679004728794105	0.012421071529388594	-0.14436897575855245	-0.16921111881732964	103.5
79	10.789094994654064	2.004244959259035	12.620750965094187	4.491986606717111	123.8125	4.3223286	2.0649338	6.8522797	-1.1478146	800000	0.18669453	0.18953526	-0.014049605	-0.0055850744	-40.656548	-0.01209993	977.8056707382202	21.849156160876156	0.3964981973916242	22.245654358267778	21.45265796348453	-0.15077467199414968	0.0002908645570279256	-0.15048380743712175	-0.1510655365511776	122.5
80	10.578830517528056	2.179455122300504	13.412919289460405	4.557091074213385	121.53658536585365	4.3398304	2.0737598	6.712223	-1.2983034	810000	-0.08075049	0.2251386	-0.012947366	-0.0027990788	-40.592083	-0.016261544	989.9782881736755	22.837578023187817	0.018821100331848584	22.856399123519665	22.818756922855968	-0.14547570463269943	1.8578842282290786e-05	-0.14545712579041714	-0.14549428347498172	128.0
81	11.090600743763668	1.5069874033514945	12.744413334671412	4.743608633577824	125.9367088607595	4.3635283	2.041906	6.671818	-1.2253752	820000	0.28423145	0.13295506	-0.0071139634	-0.012319565	-40.677963	0.01032061	1002.8442170619965	21.98645282874815	0.25223785319366065	22.238690681941808	21.734214975554487	-0.14396242288872602	0.002074819896370206	-0.1418876029923558	-0.14603724278509622	128.5
82	10.934741976878605	1.7095229027868362	13.770160542242225	4.585267753005029	124.675	4.408379	2.093918	6.7502003	-1.1602092	830000	0.027469726	0.15087491	0.0137240235	-0.007796049	-40.727837	-0.010707984	1015.5599703788757	23.556699757985776	0.42968343045563273	23.98638318844141	23.127016327530143	-0.15188694605603825	0.0020921236090362116	-0.14979482244700204	-0.15397906966507446	130.0
83	11.352228034813649	0.8525916550050628	12.474260156601662	4.9276952022686595	127.8974358974359	4.3963513	2.0668786	6.725318	-1.1112167	840000	0.26653966	0.064727426	-0.011217654	-0.01159415	-40.784317	-0.037830204	1028.2912032604218	22.938853785246607	0.31952018000185056	23.258373965248456	22.619333605244755	-0.15271395100280638	0.0011461396701634152	-0.15156781133264297	-0.1538600906729698	133.5
84	11.429176332247085	0.39860477211121553	12.443686493560671	10.420295819919557	127.43589743589743	4.4847255	2.1009488	6.800972	-1.2798066	850000	0.10491592	0.03861125	0.040269434	-0.003225021	-40.80519	0.024281142	1040.4964418411255	22.9190197903663	0.1072852519154548	23.026305042281752	22.811734538450843	-0.15164095966145402	0.0001206099055708898	-0.15152034975588313	-0.1517615695670249	129.0
85	11.080551776570516	1.3093186624977804	12.308721886705616	5.471229207348078	125.17721518987342	4.473359	2.1210492	6.7926917	-1.0967753	860000	-0.16860029	0.0917368	0.012434378	-0.011852376	-40.7647	-0.020691944	1052.5723123550415	23.2894617382437	0.7021429031342272	23.991604641377926	22.58731883510947	-0.15159397177398204	0.00023339357227103452	-0.151360578201711	-0.15182736534625307	127.5
86	11.2998629624683	0.6350631435454975	12.302025679256767	6.71892654204741	126.25316455696202	4.456589	2.084588	6.715063	-1.3726158	870000	0.47155654	0.041782513	-0.015854895	-0.0043716207	-40.739525	0.0083071245	1064.4671828746796	23.058890452161435	0.4576187007129189	23.516509152874352	22.601271751448515	-0.15249157147482023	0.001028968747705028	-0.1514626027271152	-0.15352054022252526	129.5
87	11.327315315222014	1.163955864099953	12.492452856376765	5.288591734077783	125.63291139240506	4.459667	2.1049414	6.692848	-1.0883199	880000	-0.41001025	0.09374857	-0.0071231127	-0.00745406	-40.74407	0.018105714	1077.4146144390106	19.194692211523652	5.361095998361707	24.55578820988536	13.833596213161947	-0.14474980732426035	0.0008463459648191396	-0.1439034613594412	-0.1455961532890795	107.0
88	10.924566076636859	1.575711379900442	12.628614029176525	6.2535149772837775	121.84146341463415	4.4664664	2.145697	7.0358353	-1.5454819	890000	-0.08347642	0.1234443	-0.005541943	-0.01017303	-40.622158	-0.01812196	1089.7825965881348	25.17878767693415	0.008734025415019886	25.18752170234917	25.17005365151913	-0.14626765416935084	0.0008680213429034245	-0.1453996328264474	-0.14713567551225426	135.0
89	11.269077620433784	0.9910030022674314	12.728066734280437	6.998383389823139	125.65822784810126	4.4722323	2.0862644	6.900872	-1.140984	900000	0.32834935	0.07145536	-0.0038518906	-0.0071774498	-40.67299	-0.03263338	1101.8743696212769	21.76320913200267	0.2844424382317836	22.047651570234454	21.478766693770886	-0.14216128906235098	0.008648450355976778	-0.1335128387063742	-0.15080973941832776	121.0
90	11.003769086857476	1.4116768452599011	12.506110817361632	5.900007020700724	122.51851851851852	4.472802	2.1329684	6.726213	-1.1593523	910000	-0.19720508	0.10094946	0.011456832	-0.008590728	-40.65002	0.014305737	1114.1729788780212	17.81270469319076	5.521841794587673	23.334546487778432	12.290862898603086	-0.13158608362078666	0.003781702890992167	-0.1278043807297945	-0.13536778651177883	104.5
91	11.283607977594599	1.3113508452615488	12.49096706090495	5.695973816737532	124.7875	4.4658213	2.0884545	6.849779	-1.0901698	920000	-0.1347138	0.09018681	-0.015937835	-0.007902212	-40.724102	-0.022074288	1126.0647690296173	23.164689793754363	0.607681041117754	23.772370834872117	22.55700875263661	-0.14066313287243226	0.006244749817997275	-0.134418383054435	-0.14690788269042954	126.0
92	10.954579746291547	1.4890495444159049	12.349035792574293	5.656964875962587	122.32098765432099	4.51969	2.1348317	6.8809886	-1.0575776	930000	0.048425	0.11166462	0.001595702	-0.010128491	-40.700974	0.010682607	1138.0688891410828	23.150290904399007	1.0707209392078223	24.22101184360683	22.079569965191187	-0.13323211863636975	0.010884107872843662	-0.12234801076352608	-0.1441162265092134	128.5
93	10.94498975919957	1.458086016884485	12.205369523577389	5.680662969928236	121.91463414634147	4.4200373	2.1277034	6.704568	-1.162918	940000	0.04293877	0.102795005	0.015969142	-0.0017276481	-40.704544	-0.013221609	1150.0009305477142	22.58225708134472	0.08021734535693881	22.66247442670166	22.502039735987783	-0.12880588313564667	0.004953871835023271	-0.1238520113006234	-0.13375975497066994	122.0
94	10.71505124376778	1.7987307557008185	12.211083152107891	5.82371681334451	120.3012048192771	4.38048	2.132119	6.7150297	-1.0203015	950000	-0.21019216	0.144251	-0.00539802	-0.0036408752	-40.626778	-0.007550212	1161.919667005539	23.455773572474715	0.40723524123430366	23.86300881370902	23.04853833124041	-0.13612876353785408	0.000570153314620403	-0.13555861022323368	-0.13669891685247448	127.5
95	10.74794577922442	1.7335272096289873	12.572979654595255	5.8356946282461255	120.37349397590361	4.3908157	2.0979946	7.192274	-1.2514448	960000	0.009853614	0.13776183	0.011475586	-0.0031428635	-40.69964	-0.0074987076	1174.000322818756	22.383255020235666	0.9627670216513753	23.346022041887043	21.420487998584292	-0.13405390467494727	0.001940281614661199	-0.13211362306028607	-0.13599418628960847	123.5
96	10.964586256660498	1.3752870408775117	12.603768037874248	6.293183057010173	122.5679012345679	4.420178	2.0979278	6.724472	-1.1459365	970000	0.23301697	0.10451968	-0.009534031	-0.007072903	-40.698055	-0.018724633	1185.6844091415405	18.005043863952164	5.1560880902409565	23.16113195419312	12.848955773711207	-0.13043831896036856	0.003300618976354641	-0.12713769998401392	-0.1337389379367232	102.0
97	10.599776050058926	1.9553223614259514	12.417759401481598	5.855031664166599	119.0	4.366382	2.1149955	6.668861	-1.0844262	980000	-0.46346498	0.15802209	-0.007091671	-0.011092305	-40.655396	-0.050373238	1197.8023598194122	22.680231003537777	0.2185865233093427	22.898817526847118	22.461644480228433	-0.13226950509473695	0.006191824059933293	-0.12607768103480366	-0.13846132915467024	126.0
98	11.071745951879931	1.18719586799489	12.186376664433626	5.454226468391717	123.1358024691358	4.409373	2.1130319	7.050454	-1.2175773	990000	0.4268005	0.08235454	-0.012726426	-0.012281045	-40.756138	-0.0060342257	1209.966390132904	22.938670948166397	0.11183646278455761	23.050507410950953	22.826834485381838	-0.12646426746621742	0.0053620284982026645	-0.12110223896801475	-0.13182629596442008	128.5
99	10.859641504782571	1.788906167160099	12.27593512803316	6.3482193306088455	120.8170731707317	4.420109	2.1164434	6.684444	-1.0967059	1000000	-0.4332998	0.12921168	-0.016008973	-0.010369532	-40.66044	0.008689972	1221.975389957428	22.853362696170805	0.5760244701057697	23.429387166276573	22.277338226065034	-0.14066428449004886	0.004294573999941376	-0.1363697104901075	-0.14495885848999024	125.0
